date,Jumlah Penumpang Transmetro (Orang),Rata-Rata Penumpang pada Setiap Koridor (Orang),Rata-Rata Pencarian Terhadap Wisata Kota Bandung (Orang),PDRB,Pertumbuhan PDRB Tahun ke Tahun(%),Pertumbuhan Penumpang Transmetro Tahun ke Tahun(%),Pertumbuhan Pencarian Terhadap Wisata Kota Bandung Tahun ke Tahun(%)
2020-11-01,30200,6040,70,23635.561666666665,,,
2020-12-01,22468,4494,31,23635.561666666665,,,
2021-01-01,19630,3926,19,24759.68833333333,4.76,,
2021-02-01,23073,4615,23,24759.68833333333,4.76,,
2021-03-01,28262,5652,34,24759.68833333333,4.76,,
2021-04-01,25847,5169,24,24759.68833333333,4.76,,
2021-05-01,25860,5172,43,24759.68833333333,4.76,,
2021-06-01,27635,5527,26,24759.68833333333,4.76,,
2021-07-01,12753,2551,19,24759.68833333333,4.76,,
2021-08-01,23248,4650,27,24759.68833333333,4.76,,
2021-09-01,27931,5586,35,24759.68833333333,4.76,,
2021-10-01,29541,5908,42,24759.68833333333,4.76,,
2021-11-01,48316,9663,33,24759.68833333333,4.76,59.99,-52.86
2021-12-01,45165,9033,42,24759.68833333333,4.76,101.02,35.48
2022-01-01,72120,14424,32,27345.95333333333,10.45,267.4,68.42
2022-02-01,55385,11077,22,27345.95333333333,10.45,140.04,-4.35
2022-03-01,71237,14247,22,27345.95333333333,10.45,152.06,-35.29
2022-04-01,50793,10159,21,27345.95333333333,10.45,96.51,-12.5
2022-05-01,63216,12643,54,27345.95333333333,10.45,144.45,25.58
2022-06-01,51058,10212,42,27345.95333333333,10.45,84.76,61.54
2022-07-01,52904,10581,33,27345.95333333333,10.45,314.84,73.68
2022-08-01,65269,13054,30,27345.95333333333,10.45,180.75,11.11
2022-09-01,64545,12909,27,27345.95333333333,10.45,131.09,-22.86
2022-10-01,68005,13601,27,27345.95333333333,10.45,130.21,-35.71
2022-11-01,73280,14656,24,27345.95333333333,10.45,51.67,-27.27
2022-12-01,67654,13531,33,27345.95333333333,10.45,49.79,-21.43
2023-01-01,62159,12432,30,29273.704166666663,7.05,-13.81,-6.25
2023-02-01,55858,11172,22,29273.704166666663,7.05,0.85,0.0
2023-03-01,62314,12463,19,29273.704166666663,7.05,-12.53,-13.64
2023-04-01,55812,11162,32,29273.704166666663,7.05,9.88,52.38
2023-05-01,70991,14198,26,29273.704166666663,7.05,12.3,-51.85
2023-06-01,53594,10719,27,29273.704166666663,7.05,4.97,-35.71
2023-07-01,59754,11951,23,29273.704166666663,7.05,12.95,-30.3
2023-08-01,53809,10762,16,29273.704166666663,7.05,-17.56,-46.67
2023-09-01,52562,10512,14,29273.704166666663,7.05,-18.57,-48.15
2023-10-01,61176,12235,15,29273.704166666663,7.05,-10.04,-44.44
2023-11-01,59841,11968,16,29273.704166666663,7.05,-18.34,-33.33
2023-12-01,54471,10894,26,29273.704166666663,7.05,-19.49,-21.21
2024-01-01,55047,11009,13,30987.135,5.85,-11.44,-56.67
2024-02-01,51714,10343,12,30987.135,5.85,-7.42,-45.45
2024-03-01,45606,9121,8,30987.135,5.85,-26.81,-57.89
2024-04-01,56884,11377,16,30987.135,5.85,1.92,-50.0
2024-05-01,62068,12414,12,30987.135,5.85,-12.57,-53.85
2024-06-01,51386,10277,13,30987.135,5.85,-4.12,-51.85
2024-07-01,64988,12998,10,30987.135,5.85,8.76,-56.52
2024-08-01,54427,10885,10,30987.135,5.85,1.15,-37.5
2024-09-01,45800,9160,10,30987.135,5.85,-12.86,-28.57
2024-10-01,51784,10357,10,30987.135,5.85,-15.35,-33.33
2024-11-01,46138,9228,10,30987.135,5.85,-22.9,-37.5
2024-12-01,50832,10166,14,30987.135,5.85,-6.68,-46.15
